Here we test the algorithm with feature {'occup'}
-------------------------------------------------
MAE has mean 0.14881798028945922 and std 0.00018102038429362814
RMSE has mean 0.4177210718393326 and std 0.0004288929291052559
The errors after 10 steps are:
[392.165283203125, 32.8048095703125, 1.4131019115447998, 0.0763230174779892, 0.004399056546390057, 0.0002590540098026395, 1.5365199942607433e-05, 9.13491646770126e-07, 5.435380145968338e-08, 3.23457149953299e-09, 1.9318488475583706e-10, 1.1854246750875319e-11]
[393.8353576660156, 32.67682647705078, 1.410418152809143, 0.07652014493942261, 0.004422551020979881, 0.00026085213175974786, 1.548759792058263e-05, 9.214666079060407e-07, 5.485874510213762e-08, 3.2655154136307374e-09, 1.94675456310911e-10, 1.184730438752446e-11]
[391.7441711425781, 32.85831069946289, 1.4106690883636475, 0.07595285028219223, 0.0043679894879460335, 0.00025692523922771215, 1.5230049029923975e-05, 9.05217007129977e-07, 5.3844413372416966e-08, 3.2051001852551053e-09, 1.908393443272871e-10, 1.1617153419796189e-11]
[396.155029296875, 33.042964935302734, 1.4332166910171509, 0.07787787914276123, 0.004511850420385599, 0.0002670840185601264, 1.592733315192163e-05, 9.522075856693846e-07, 5.6974364781581244e-08, 3.411016136212197e-09, 2.0422452617907538e-10, 1.2530140119926259e-11]
[392.8740234375, 32.811405181884766, 1.399944543838501, 0.07495255023241043, 0.004286871757358313, 0.00025068718241527677, 1.4769516383239534e-05, 8.722901156943408e-07, 5.1558242120108844e-08, 3.0487483648755642e-09, 1.8099785559222425e-10, 1.0884012441314539e-11]
[392.1322326660156, 32.99933624267578, 1.4125401973724365, 0.07615804672241211, 0.004387750290334225, 0.0002583861059974879, 1.5325858839787543e-05, 9.110837595471821e-07, 5.418724313699386e-08, 3.2226989965522534e-09, 1.9243101556654096e-10, 1.1693192421280418e-11]
[391.68804931640625, 32.50413513183594, 1.3935472965240479, 0.07500612735748291, 0.004315259866416454, 0.00025396066484972835, 1.5062048078107182e-05, 8.955891530604276e-07, 5.329687979838127e-08, 3.173022067315401e-09, 1.8912083010746983e-10, 1.16027647559247e-11]
[390.45367431640625, 32.7852668762207, 1.4040848016738892, 0.07538272440433502, 0.00431827362626791, 0.0002528587356209755, 1.4918085071258247e-05, 8.823728876450332e-07, 5.222531740400882e-08, 3.09164871481471e-09, 1.83495052485938e-10, 1.1128476612443094e-11]
[398.80072021484375, 32.54236602783203, 1.4011588096618652, 0.07572256028652191, 0.00436411751434207, 0.00025684715365059674, 1.5220560271700379e-05, 9.039182486958453e-07, 5.371521183406003e-08, 3.1956539636723846e-09, 1.9000345741204683e-10, 1.1673877142737155e-11]
[391.0202331542969, 32.757808685302734, 1.4053438901901245, 0.07587665319442749, 0.004374045412987471, 0.000257697916822508, 1.5294741388061084e-05, 9.099904332288133e-07, 5.4177029085167305e-08, 3.2265041749468537e-09, 1.9226364944557872e-10, 1.1916760980779095e-11]
-------------------------------------------------


Here we test the algorithm with feature {'age'}
-------------------------------------------------
MAE has mean 0.14894751608371734 and std 0.00028061171386798865
RMSE has mean 0.4181831806898117 and std 0.0007552280849943689
The errors after 10 steps are:
[367.41552734375, 32.78013229370117, 1.3737231492996216, 0.07317881286144257, 0.004194103647023439, 0.0002464959106873721, 1.4614005522162188e-05, 8.690625463714241e-07, 5.174005934804882e-08, 3.0793465555234434e-09, 1.8443668814427383e-10, 1.1020804928374428e-11]
[371.45147705078125, 32.418670654296875, 1.3556368350982666, 0.07188528776168823, 0.004100735764950514, 0.0002399054792476818, 1.415877432009438e-05, 8.381067004847864e-07, 4.965678712665067e-08, 2.94330493311179e-09, 1.7591289536156296e-10, 1.0412997721032102e-11]
[370.92724609375, 32.67964172363281, 1.374682903289795, 0.07323102653026581, 0.004193539265543222, 0.00024629285326227546, 1.4596747860196047e-05, 8.679031111569202e-07, 5.164731220475005e-08, 3.0764621961054672e-09, 1.8356346997983053e-10, 1.0958327995025385e-11]
[369.23736572265625, 32.4708251953125, 1.3539073467254639, 0.07188917696475983, 0.0041155507788062096, 0.0002417939977021888, 1.4331991224025842e-05, 8.521066661160148e-07, 5.070361197567763e-08, 3.0225819624973838e-09, 1.80841466801418e-10, 1.0811885241268637e-11]
[372.68798828125, 32.37843704223633, 1.3541384935379028, 0.07210646569728851, 0.004126070532947779, 0.00024194768047891557, 1.430711563443765e-05, 8.48480567583465e-07, 5.0363105685846676e-08, 2.992196268536418e-09, 1.784366959745043e-10, 1.069421894789313e-11]
[363.56427001953125, 32.76424789428711, 1.3732271194458008, 0.07326202094554901, 0.004206797108054161, 0.00024778585066087544, 1.4724416359968018e-05, 8.775435844654567e-07, 5.236022815324759e-08, 3.1274733913733144e-09, 1.8683080083015113e-10, 1.124726874135451e-11]
[368.74212646484375, 32.834495544433594, 1.3657793998718262, 0.07266194373369217, 0.004166437312960625, 0.00024499278515577316, 1.4528277461067773e-05, 8.639536872578901e-07, 5.1411333856776764e-08, 3.059779318803635e-09, 1.8319182282233726e-10, 1.0971741744303376e-11]
[369.59490966796875, 32.697608947753906, 1.3679420948028564, 0.07294455170631409, 0.004183230921626091, 0.00024587410734966397, 1.4572626241715625e-05, 8.661180572744342e-07, 5.15269107381755e-08, 3.063797882063568e-09, 1.8279831814904668e-10, 1.0997881425001133e-11]
[371.594482421875, 32.74477005004883, 1.3757688999176025, 0.07384685426950455, 0.004263307899236679, 0.0002522630093153566, 1.5053412425913848e-05, 9.008554684442061e-07, 5.396000091195674e-08, 3.230534062481638e-09, 1.9412924046058322e-10, 1.1787838934129713e-11]
[363.50054931640625, 32.502506256103516, 1.3647032976150513, 0.07298301160335541, 0.004194303881376982, 0.00024697210756130517, 1.466578760300763e-05, 8.735256074032804e-07, 5.209294329233671e-08, 3.1077480588947992e-09, 1.8616119756842409e-10, 1.1188055690225518e-11]
-------------------------------------------------


Here we test the algorithm with feature {'gender'}
-------------------------------------------------
MAE has mean 0.14889501184225082 and std 0.00021020502172397463
RMSE has mean 0.4182065427303314 and std 0.000563310747682935
The errors after 10 steps are:
[364.7938232421875, 33.99383544921875, 1.498411774635315, 0.08215595781803131, 0.0047830212861299515, 0.000283872417639941, 1.6954343664110638e-05, 1.0146467275262694e-06, 6.074809988376728e-08, 3.639830215007578e-09, 2.1833813923510803e-10, 1.3081505496892465e-11]
[362.7410583496094, 33.84003448486328, 1.4840892553329468, 0.0810951441526413, 0.004716698080301285, 0.00028010515961796045, 1.67520011018496e-05, 1.004202090371109e-06, 6.022840182140499e-08, 3.614917254424199e-09, 2.1768056801541036e-10, 1.2984025313245162e-11]
[361.9811706542969, 34.047576904296875, 1.4873335361480713, 0.08073623478412628, 0.0046661351807415485, 0.0002754283486865461, 1.6374729966628365e-05, 9.758696251083165e-07, 5.817094717031068e-08, 3.4655638359026852e-09, 2.072244181805516e-10, 1.2306754573754297e-11]
[365.78887939453125, 34.062435150146484, 1.4886460304260254, 0.0807885006070137, 0.004660245031118393, 0.0002743202494457364, 1.6258403775282204e-05, 9.6578605734976e-07, 5.740715280921904e-08, 3.4170859475324278e-09, 2.035782792342289e-10, 1.2175589529650477e-11]
[366.15325927734375, 34.36174392700195, 1.5002299547195435, 0.0813266932964325, 0.00468903174623847, 0.00027596793370321393, 1.635624357732013e-05, 9.716427484818269e-07, 5.7768573924477096e-08, 3.4318210495598578e-09, 2.0456940308388738e-10, 1.2064972285119602e-11]
[368.67535400390625, 34.112178802490234, 1.4869669675827026, 0.08073335886001587, 0.00466043408960104, 0.0002744897501543164, 1.627625897526741e-05, 9.673194654169492e-07, 5.753289045173915e-08, 3.418918703701479e-09, 2.041011387676761e-10, 1.198849873540464e-11]
[368.35687255859375, 34.220176696777344, 1.4850318431854248, 0.08028054982423782, 0.004622335080057383, 0.00027174141723662615, 1.6086480172816664e-05, 9.544132808514405e-07, 5.664075075628716e-08, 3.35972361042991e-09, 2.0007900891627628e-10, 1.187074744057881e-11]
[372.96484375, 34.16584014892578, 1.508091688156128, 0.08253931999206543, 0.004795278422534466, 0.00028409535298123956, 1.694250022410415e-05, 1.0125822882400826e-06, 6.055076084976463e-08, 3.6251992518998577e-09, 2.1749890777300607e-10, 1.3067946030842492e-11]
[361.454833984375, 33.765106201171875, 1.464866042137146, 0.07918999344110489, 0.0045569767244160175, 0.0002676646690815687, 1.5828898540348746e-05, 9.380802339364891e-07, 5.565191329992558e-08, 3.2995548515657447e-09, 1.9662654837659943e-10, 1.1600695230817859e-11]
[365.11846923828125, 34.047306060791016, 1.4788234233856201, 0.08007555454969406, 0.0046180360950529575, 0.00027192223933525383, 1.612281266716309e-05, 9.58062742029142e-07, 5.697625127254469e-08, 3.3864049342469116e-09, 2.0175634773966777e-10, 1.1859168161376665e-11]
-------------------------------------------------


Here we test the algorithm with feature {'occup'}
-------------------------------------------------
MAE has mean 0.7369405686855316 and std 0.00012630169784753502
RMSE has mean 0.92493155002594 and std 0.00012185300799902821
The errors after 10 steps are:
[389.78570556640625, 32.93662643432617, 1.4140039682388306, 0.07598508894443512, 0.004359158221632242, 0.0002556244726292789, 1.510154197603697e-05, 8.943416673901083e-07, 5.3008264444542874e-08, 3.141871651735073e-09, 1.865822774060888e-10, 1.1389732039457368e-11]
[391.43072509765625, 32.9496955871582, 1.4159339666366577, 0.07644066214561462, 0.004407539032399654, 0.0002597950224298984, 1.5426987374667078e-05, 9.183406746160472e-07, 5.470886321745638e-08, 3.2611167100071725e-09, 1.9513125837367085e-10, 1.1863260374056495e-11]
[390.19476318359375, 33.00168228149414, 1.41054105758667, 0.07587854564189911, 0.004362026695162058, 0.0002563768648542464, 1.5181518392637372e-05, 9.012280770548386e-07, 5.354125676149124e-08, 3.182146546265585e-09, 1.8947857172157967e-10, 1.1477154296390957e-11]
[391.4464111328125, 32.814971923828125, 1.4103437662124634, 0.0763600543141365, 0.004415204748511314, 0.0002608533832244575, 1.552175308461301e-05, 9.25732024370518e-07, 5.525616586510296e-08, 3.2990510323571698e-09, 1.9732995792942631e-10, 1.2116465816780497e-11]
[395.4028015136719, 32.84219741821289, 1.4222676753997803, 0.0771387591958046, 0.004460575524717569, 0.00026352517306804657, 1.5682455341448076e-05, 9.355306929137441e-07, 5.585359019733005e-08, 3.3353491080134745e-09, 1.9967373587892467e-10, 1.2201913091036687e-11]
[391.47320556640625, 32.66688919067383, 1.4041357040405273, 0.07551679760217667, 0.004330744966864586, 0.00025372233358211815, 1.497154062235495e-05, 8.855436135490891e-07, 5.24168370930056e-08, 3.103576062812863e-09, 1.8375118093771903e-10, 1.1203890246114234e-11]
[388.7471923828125, 32.850807189941406, 1.4039498567581177, 0.07523710280656815, 0.0043081678450107574, 0.00025224691489711404, 1.4881145034451038e-05, 8.800584510026965e-07, 5.208993059113709e-08, 3.0803148920455214e-09, 1.8302322157826012e-10, 1.1112724455919487e-11]
[388.963623046875, 32.71499252319336, 1.414304256439209, 0.07687371224164963, 0.004459225572645664, 0.00026430239086039364, 1.5778672604938038e-05, 9.441600923310034e-07, 5.653857471088486e-08, 3.385391078580824e-09, 2.0265279732090136e-10, 1.2423612485989999e-11]
[394.840576171875, 32.986961364746094, 1.4261857271194458, 0.07740253210067749, 0.004472984001040459, 0.00026387747493572533, 1.5677362171118148e-05, 9.336789048575156e-07, 5.5657142894460776e-08, 3.319075680963124e-09, 1.9805898587854642e-10, 1.2012946193351581e-11]
[388.11090087890625, 32.954410552978516, 1.4176795482635498, 0.07634197920560837, 0.0043894145637750626, 0.00025805376935750246, 1.5287476344383322e-05, 9.080189897758828e-07, 5.3971540125985484e-08, 3.2085585299768127e-09, 1.9107097848358734e-10, 1.1730334585624558e-11]
-------------------------------------------------


Here we test the algorithm with feature {'age'}
-------------------------------------------------
MAE has mean 0.7368997871875763 and std 7.330059136646218e-05
RMSE has mean 0.9248453259468079 and std 7.521656902577576e-05
The errors after 10 steps are:
[368.91119384765625, 32.53187561035156, 1.3639243841171265, 0.07294312864542007, 0.004196631256490946, 0.0002474329376127571, 1.4710571122122929e-05, 8.7709832996552e-07, 5.23406527008774e-08, 3.123008074368272e-09, 1.8679589819381448e-10, 1.1279615262649312e-11]
[367.03271484375, 32.63726806640625, 1.3614599704742432, 0.07226461172103882, 0.004128424450755119, 0.0002419252705294639, 1.4302537238108926e-05, 8.481446229779976e-07, 5.034955563587573e-08, 2.987515568264598e-09, 1.7816917385893305e-10, 1.0678746081849155e-11]
[365.957275390625, 32.515403747558594, 1.3485205173492432, 0.0718424916267395, 0.004127798601984978, 0.00024323476827703416, 1.4454029951593839e-05, 8.612631745563704e-07, 5.136784153592089e-08, 3.066765952297601e-09, 1.8341325680459875e-10, 1.1025855575774735e-11]
[367.7846374511719, 32.50532913208008, 1.3675100803375244, 0.07327304780483246, 0.004215884953737259, 0.0002483991556800902, 1.4753655705135316e-05, 8.786727789811266e-07, 5.237233224875126e-08, 3.1232108010925685e-09, 1.8675108681698305e-10, 1.1234140354088318e-11]
[362.33087158203125, 32.51460266113281, 1.3710579872131348, 0.07326468825340271, 0.004209008067846298, 0.0002478715614415705, 1.4721554180141538e-05, 8.767510166762804e-07, 5.227398247598103e-08, 3.118903357801628e-09, 1.8635137877254238e-10, 1.1222363316409911e-11]
[364.03326416015625, 32.58179473876953, 1.3718657493591309, 0.07310640811920166, 0.004186913371086121, 0.0002459071693010628, 1.4572046893590596e-05, 8.66209234118287e-07, 5.154912940952272e-08, 3.0684310647899338e-09, 1.831317042455538e-10, 1.1003601675663166e-11]
[368.2160339355469, 32.61541748046875, 1.3615691661834717, 0.07251112163066864, 0.004161983262747526, 0.0002450832398608327, 1.455806977901375e-05, 8.672892590766423e-07, 5.1732214956246025e-08, 3.086941369190299e-09, 1.8448223504385908e-10, 1.1117753419276344e-11]
[368.797119140625, 32.49000549316406, 1.367400050163269, 0.07341454923152924, 0.004236502107232809, 0.00025053045828826725, 1.4939513675926719e-05, 8.933695880841697e-07, 5.347159515167732e-08, 3.202201614982414e-09, 1.920520964482364e-10, 1.1680122147250671e-11]
[372.0359191894531, 32.80510711669922, 1.378659725189209, 0.07370855659246445, 0.00424058036878705, 0.0002501815324649215, 1.4887516954331659e-05, 8.884628641681047e-07, 5.3069424410523425e-08, 3.170791629258929e-09, 1.903205648634554e-10, 1.1548046373321963e-11]
[366.7848815917969, 32.721595764160156, 1.3684563636779785, 0.07273229956626892, 0.004158744588494301, 0.00024390585895162076, 1.443345990992384e-05, 8.56807048421615e-07, 5.093567878589056e-08, 3.028525874526622e-09, 1.8085240249821055e-10, 1.0825963389637927e-11]
-------------------------------------------------


Here we test the algorithm with feature {'gender'}
-------------------------------------------------
MAE has mean 0.7369323909282685 and std 0.00012689013713086482
RMSE has mean 0.9248706281185151 and std 9.622718303370524e-05
The errors after 10 steps are:
[361.8642272949219, 33.7633171081543, 1.4804675579071045, 0.08063626289367676, 0.004665932152420282, 0.0002753646986093372, 1.6357425920432433e-05, 9.73662167780276e-07, 5.798930402534097e-08, 3.456323671713335e-09, 2.0691655333582304e-10, 1.2285100020603679e-11]
[371.6981201171875, 34.23959732055664, 1.495986819267273, 0.0813574492931366, 0.004705887753516436, 0.000277784070931375, 1.6509764463989995e-05, 9.835162018134724e-07, 5.862290564095929e-08, 3.4996183728708274e-09, 2.0923168753128607e-10, 1.2393239212649121e-11]
[365.8251953125, 33.88855743408203, 1.476865291595459, 0.08005499094724655, 0.004619587678462267, 0.0002722832141444087, 1.6167010471690446e-05, 9.623952337278752e-07, 5.733092933724038e-08, 3.413160865051168e-09, 2.0402393663410123e-10, 1.2133424473481647e-11]
[365.7367858886719, 34.00245666503906, 1.4888815879821777, 0.08100982010364532, 0.00468289153650403, 0.00027612727717496455, 1.6389743905165233e-05, 9.749572882356006e-07, 5.8020830806526646e-08, 3.4572404938870704e-09, 2.057289338885937e-10, 1.2279404923432047e-11]
[371.1842041015625, 34.119529724121094, 1.4829468727111816, 0.08028492331504822, 0.004626892972737551, 0.000272229197435081, 1.612915912119206e-05, 9.57703377935104e-07, 5.690655413559398e-08, 3.3794915754725707e-09, 2.0151258439682351e-10, 1.1874500514819086e-11]
[368.471923828125, 33.95816421508789, 1.4855905771255493, 0.08078506588935852, 0.004665712360292673, 0.00027480971766635776, 1.629282814974431e-05, 9.67995447354042e-07, 5.753009446607393e-08, 3.4254472591754848e-09, 2.042421509695913e-10, 1.2125939141682807e-11]
[363.82232666015625, 34.00517272949219, 1.4779846668243408, 0.08009721338748932, 0.004617778584361076, 0.000271647673798725, 1.608740603842307e-05, 9.547649142405135e-07, 5.668581337658907e-08, 3.3690421563647988e-09, 2.0112279897066543e-10, 1.180138365503014e-11]
[364.31097412109375, 33.883888244628906, 1.489356517791748, 0.08119566738605499, 0.00469830259680748, 0.00027715263422578573, 1.6454541764687747e-05, 9.789342811927781e-07, 5.8266692803954356e-08, 3.4709710661218196e-09, 2.0732116023935987e-10, 1.2379509743698502e-11]
[365.5788269042969, 34.24064254760742, 1.5005600452423096, 0.08158773928880692, 0.004716454539448023, 0.000278361578239128, 1.654758489166852e-05, 9.861478247330524e-07, 5.88059734241142e-08, 3.5105145457237086e-09, 2.103395513319839e-10, 1.2516394171102618e-11]
[364.17034912109375, 33.85857391357422, 1.4748845100402832, 0.07979217171669006, 0.004597267601639032, 0.0002705583465285599, 1.603834971319884e-05, 9.529579756417661e-07, 5.666448643637523e-08, 3.3665752408040817e-09, 2.0066290296050227e-10, 1.1897335547295107e-11]
-------------------------------------------------


