Here we test the algorithm with feature None
-------------------------------------------------
MAE has mean 3.6609706401824953 and std 0.0044820477321836525
RMSE has mean 4.642297840118408 and std 0.005187142531094014
The errors after 10 steps are:
[3267.1171875, 0.33378005027770996, 0.006633528973907232, 0.00013304252934176475, 2.6491443350096233e-06, 5.255695967321117e-08, 1.0446137288511181e-09, 2.0915219209327596e-11]
[3272.32470703125, 0.312395304441452, 0.006182829383760691, 0.00012328618322499096, 2.4407672754023224e-06, 4.8233786742457596e-08, 9.481494478436048e-10, 1.924798341546019e-11]
[3272.67431640625, 0.3244505226612091, 0.0063965716399252415, 0.00012727442663162947, 2.5137376269412925e-06, 4.949145449018033e-08, 9.741822903919228e-10, 1.9729363975873326e-11]
[3272.67431640625, 0.3278409540653229, 0.006504246033728123, 0.00013031015987508, 2.5913873287208844e-06, 5.1345370621902475e-08, 1.0163253572059716e-09, 2.147811963004731e-11]
[3266.27294921875, 0.31778621673583984, 0.006269579753279686, 0.00012466494808904827, 2.4614382709842175e-06, 4.843491296924185e-08, 9.528888789134271e-10, 1.88568553133317e-11]
[3276.42626953125, 0.3207062780857086, 0.006332422140985727, 0.00012646072718780488, 2.506648343114648e-06, 4.951035847966523e-08, 9.726546235100386e-10, 2.0070532041893685e-11]
[3275.527099609375, 0.32767683267593384, 0.006510128267109394, 0.0001303206809097901, 2.5901183562382357e-06, 5.12818516540392e-08, 1.0146621320927807e-09, 2.094398092455929e-11]
[3281.115478515625, 0.3178796172142029, 0.006293650716543198, 0.0001258140691788867, 2.4971814127638936e-06, 4.942307185729078e-08, 9.778973186769235e-10, 1.9673042708778787e-11]
[3270.040771484375, 0.3187420964241028, 0.00627904711291194, 0.00012494683323893696, 2.467758122293162e-06, 4.857350077713818e-08, 9.577898474333324e-10, 1.9225029554426065e-11]
[3274.26611328125, 0.32728448510169983, 0.0064894817769527435, 0.00012976523430552334, 2.57567467087938e-06, 5.0964093389893605e-08, 1.0048487597558164e-09, 2.1012696790889684e-11]
-------------------------------------------------


Here we test the algorithm with feature None
-------------------------------------------------
MAE has mean 3.660559320449829 and std 0.0043781330672803985
RMSE has mean 4.64175009727478 and std 0.005363055570092139
The errors after 10 steps are:
[3276.900390625, 0.334267258644104, 0.006644494365900755, 0.00013318107812665403, 2.6508353130338946e-06, 5.259704849436275e-08, 1.0401077776833745e-09, 2.1767388239113394e-11]
[3273.7548828125, 0.3229294717311859, 0.0063825747929513454, 0.00012740549573209137, 2.525210902604158e-06, 4.985878376828623e-08, 9.847127557804924e-10, 2.0362701108611603e-11]
[3267.947265625, 0.3188767731189728, 0.006307509262114763, 0.00012600389891304076, 2.498719595678267e-06, 4.938156905609503e-08, 9.738427841909925e-10, 1.9619288832428694e-11]
[3274.061279296875, 0.31890663504600525, 0.006354835815727711, 0.00012772083573509008, 2.5478791485511465e-06, 5.067485631116142e-08, 1.0078140544322878e-09, 2.0491695146285238e-11]
[3276.75, 0.32639533281326294, 0.0065196482464671135, 0.0001313602551817894, 2.6276522930857027e-06, 5.238475608848603e-08, 1.044984543341343e-09, 2.1746337369732416e-11]
[3275.157958984375, 0.311118483543396, 0.006194575689733028, 0.00012464913015719503, 2.489417511242209e-06, 4.9506606814020415e-08, 9.864163930117797e-10, 2.0039334774901718e-11]
[3277.64111328125, 0.3228622078895569, 0.006378027610480785, 0.00012722030805889517, 2.5189976895489963e-06, 4.964373445659476e-08, 9.80914016679435e-10, 1.9998362341122622e-11]
[3279.2509765625, 0.3178030848503113, 0.006341589614748955, 0.0001275452523259446, 2.5465094495302765e-06, 5.066407027243258e-08, 1.007689043319715e-09, 2.0969635750045512e-11]
[3279.904296875, 0.3197450637817383, 0.006297796964645386, 0.00012523328769020736, 2.4722930902498774e-06, 4.859881386209963e-08, 9.557196145593139e-10, 1.9603502848797305e-11]
[3273.789794921875, 0.3207229971885681, 0.006331008393317461, 0.00012621887435670942, 2.496825118214474e-06, 4.920845242395444e-08, 9.672002088123577e-10, 1.9750472091129012e-11]
-------------------------------------------------


