Here we test the algorithm with feature {'age', 'gender', 'occup'}
-------------------------------------------------
MAE has mean 0.1487236201763153 and std 0.0003826131071307699
RMSE has mean 0.4214164674282074 and std 0.0007266762111105988
The errors after 5 steps are:
[400.4207763671875, 31.977005004882812, 1.4690580368041992, 0.11835381388664246, 0.017040083184838295, 0.003724294248968363, 0.000981980236247182, 0.00028138936613686383, 8.476047514704987e-05, 2.650082933541853e-05, 8.534146218153182e-06, 2.8138963443780085e-06, 9.45113015404786e-07, 3.2197624477703357e-07, 1.1086063267384816e-07, 3.850498231372512e-08]
[401.0816650390625, 31.852293014526367, 1.4721925258636475, 0.11799053847789764, 0.01674913987517357, 0.003613486420363188, 0.0009430601494386792, 0.0002676831209100783, 7.986882701516151e-05, 2.4733488316996954e-05, 7.89112709753681e-06, 2.5787192043935647e-06, 8.589543085690821e-07, 2.902933431414567e-07, 9.925199151439301e-08]
[400.6883544921875, 32.0135612487793, 1.4750158786773682, 0.11893962323665619, 0.01712217926979065, 0.0037379972636699677, 0.0009837098186835647, 0.0002812115999404341, 8.447997970506549e-05, 2.6336976588936523e-05, 8.456183422822505e-06, 2.7800426778412657e-06, 9.309794677392347e-07, 3.1620933782505745e-07, 1.0861167965003915e-07, 3.7604603875251996e-08]
[400.7015380859375, 32.00129699707031, 1.474370002746582, 0.11867708712816238, 0.017039906233549118, 0.0037108471151441336, 0.0009747518342919648, 0.0002782217343337834, 8.346392132807523e-05, 2.598641367512755e-05, 8.334882295457646e-06, 2.7375665467843646e-06, 9.161262255474867e-07, 3.110721138455119e-07, 1.0680417261710318e-07, 3.697571315797177e-08]
[399.8410339355469, 31.938568115234375, 1.4762223958969116, 0.11932914704084396, 0.017250292003154755, 0.0037858954165130854, 0.0010013713035732508, 0.000287484290311113, 8.66369518917054e-05, 2.706231316551566e-05, 8.696943950781133e-06, 2.8585782274603844e-06, 9.564732863509562e-07, 3.24488439673587e-07, 1.1121494480903493e-07, 3.844270679564943e-08]
-------------------------------------------------


