Here we test the algorithm with feature {'age', 'occup'}
-------------------------------------------------
MAE has mean 0.1249840185046196 and std 0.0002808521664151916
RMSE has mean 0.38600005507469176 and std 0.0007988567342100407
The errors after 5 steps are:
[398.2745666503906, 32.051483154296875, 1.4235444068908691, 0.1046234667301178, 0.014342515729367733, 0.0035466058179736137, 0.0012699022190645337, 0.0005922030541114509, 0.0003372382197994739, 0.00021842130809091032, 0.00015231550787575543, 0.0001108190044760704, 8.275688014691696e-05, 6.287980795605108e-05, 4.836020525544882e-05, 3.751893382286653e-05, 2.9294777050381526e-05, 2.2981372239883058e-05, 1.8090131561621092e-05, 1.4276882211561315e-05, 1.1287719644315075e-05, 8.936891390476376e-06, 7.08278321326361e-06, 5.61754995942465e-06, 4.457908289623447e-06, 3.5386258332437137e-06, 2.810066689562518e-06, 2.2318038190860534e-06, 1.772902123775566e-06, 1.408351067766489e-06, 1.119112880587636e-06, 8.891351512829715e-07, 7.064375040499726e-07, 5.613962912320858e-07, 4.460707145881315e-07, 3.544164997038024e-07, 2.8161241516500013e-07, 2.238350305105996e-07, 1.7784398664844048e-07, 1.41337025638677e-07, 1.1228561902498768e-07, 8.92334384161586e-08]
[397.3439025878906, 31.879831314086914, 1.4163397550582886, 0.10322689265012741, 0.014080013148486614, 0.0034864768385887146, 0.0012532869586721063, 0.0005890021566301584, 0.00033946544863283634, 0.00022297240502666682, 0.00015765754505991936, 0.00011613981769187376, 8.76489284564741e-05, 6.717233191011474e-05, 5.201424573897384e-05, 4.0569186239736155e-05, 3.180573185090907e-05, 2.5028335585375316e-05, 1.9747812984860502e-05, 1.5611272829119116e-05, 1.23593690659618e-05, 9.794785910344217e-06, 7.767867828079034e-06, 6.164136266306741e-06, 4.893273853667779e-06, 3.885806108883116e-06, 3.085944399572327e-06, 2.451398358971346e-06, 1.9475908175081713e-06, 1.5473281109734671e-06, 1.229480403708294e-06, 9.769665894054924e-07, 7.763255212012155e-07, 6.167612127683242e-07, 4.901914394395135e-07, 3.894978135576821e-07, 3.0953242458053865e-07, 2.459319432546181e-07, 1.9546021690075577e-07, 1.5531563235526846e-07, 1.2343923572188942e-07, 9.810146650579554e-08]
[398.24725341796875, 32.13029861450195, 1.4223169088363647, 0.10419806838035583, 0.014402668923139572, 0.0036116198170930147, 0.001302734250202775, 0.0006053627585060894, 0.0003405847819522023, 0.00021731690503656864, 0.00014945595466997474, 0.0001075074469554238, 7.958546484587714e-05, 6.008127093082294e-05, 4.5996021071914583e-05, 3.557344462024048e-05, 2.7721367587218992e-05, 2.1721796656493098e-05, 1.7090736946556717e-05, 1.3487997421179898e-05, 1.0667862625268754e-05, 8.451378562313039e-06, 6.703458439005772e-06, 5.32164676769753e-06, 4.2274473344150465e-06, 3.359581569384318e-06, 2.6709747089626035e-06, 2.12409713640227e-06, 1.6893735619305517e-06, 1.343771714346076e-06, 1.068982442120614e-06, 8.506391395712853e-07, 6.766989031348203e-07, 5.384425776355783e-07, 4.2841961089834513e-07, 3.4086230016328045e-07, 2.712484103994939e-07, 2.158264749141381e-07, 1.7170681587685976e-07, 1.366337585295696e-07, 1.0870425626308133e-07, 8.65428830820747e-08]
[398.94091796875, 31.943490982055664, 1.4200069904327393, 0.1042121946811676, 0.014402633532881737, 0.003634193679317832, 0.001333986991085112, 0.0006362948915921152, 0.0003679846122395247, 0.00024042947916314006, 0.00016846941434778273, 0.00012291778693906963, 9.195761958835647e-05, 6.995363219175488e-05, 5.383937241276726e-05, 4.178738527116366e-05, 3.263186226831749e-05, 2.559763379395008e-05, 2.014528763538692e-05, 1.589296880410984e-05, 1.2560320101329125e-05, 9.939429219230078e-06, 7.873134563851636e-06, 6.2405524658970535e-06, 4.948978585161967e-06, 3.926455065084156e-06, 3.1156955628830474e-06, 2.4730804852879373e-06, 1.9632382191048237e-06, 1.5586591644023429e-06, 1.2375220421745325e-06, 9.826312634686474e-07, 7.802190111760865e-07, 6.195209607540164e-07, 4.91936248181446e-07, 3.906890242433292e-07, 3.1021295399114024e-07, 2.463935402374773e-07, 1.9563414355161513e-07, 1.553935362608172e-07, 1.2338671240286203e-07, 9.797608413464332e-08]
[397.16925048828125, 31.958145141601562, 1.4240970611572266, 0.10551939159631729, 0.014818357303738594, 0.0038225341122597456, 0.0014492726186290383, 0.0007189341122284532, 0.00043139568879269063, 0.0002903917047660798, 0.0002082013088511303, 0.00015458987036254257, 0.00011720231123035774, 9.005363244796172e-05, 6.982514605624601e-05, 5.448746378533542e-05, 4.271203943062574e-05, 3.359227775945328e-05, 2.648257759574335e-05, 2.0913514163112268e-05, 1.6536905604880303e-05, 1.3088068953948095e-05, 1.0365688467572909e-05, 8.212942702812143e-06, 6.509818831545999e-06, 5.161574790690793e-06, 4.093025836482411e-06, 3.2462535273225512e-06, 2.574825657575275e-06, 2.042465666818316e-06, 1.620159309823066e-06, 1.2854162605435704e-06, 1.0196833954978501e-06, 8.090053142950637e-07, 6.418098337235278e-07, 5.092204560241953e-07, 4.0397213751930394e-07, 3.2049615583673585e-07, 2.542574009112286e-07, 2.0171825099168927e-07, 1.600465964202158e-07, 1.2696834517100797e-07, 1.0074454337427596e-07, 7.991454964439981e-08]
-------------------------------------------------


Here we test the algorithm with feature {'gender', 'occup'}
-------------------------------------------------
MAE has mean 0.12515345811843873 and std 0.00017728390003934484
RMSE has mean 0.38636475801467896 and std 0.0005251901343624418
The errors after 5 steps are:
[396.98272705078125, 32.842071533203125, 1.5127477645874023, 0.1190747544169426, 0.017606474459171295, 0.0039871735498309135, 0.0010501743527129292, 0.00029327458469197154, 8.594347309553996e-05, 2.6605663151713088e-05, 8.738157703191973e-06, 3.037732085431344e-06, 1.107977595893317e-06, 4.1941879658224934e-07, 1.6295562943469122e-07, 6.44468443056212e-08]
[394.58734130859375, 32.67080307006836, 1.5042662620544434, 0.11804936081171036, 0.017429370433092117, 0.003950114827603102, 0.0010429441463202238, 0.00029254332184791565, 8.629019430372864e-05, 2.6926874852506444e-05, 8.918237654143013e-06, 3.1223717087414116e-06, 1.1451801356088254e-06, 4.3497485080479237e-07, 1.6915164735564758e-07, 6.686539677502878e-08]
[393.1240539550781, 32.5738525390625, 1.5065081119537354, 0.11856342852115631, 0.01749967783689499, 0.003975365310907364, 0.0010566354030743241, 0.0002994215174112469, 8.947078458731994e-05, 2.832892641890794e-05, 9.519560990156606e-06, 3.3764802083169343e-06, 1.2517630239017308e-06, 4.794052301804186e-07, 1.8777764410060627e-07, 7.460548090421071e-08]
[394.63128662109375, 32.68926239013672, 1.5035347938537598, 0.11830735206604004, 0.017523493617773056, 0.003967698197811842, 0.001042775111272931, 0.00029031129088252783, 8.478042582282797e-05, 2.614978075143881e-05, 8.559256457374431e-06, 2.966270130855264e-06, 1.0792390412461828e-06, 4.0763376318864175e-07, 1.5818378074072825e-07, 6.248208705983416e-08]
[394.99969482421875, 32.57904052734375, 1.4998912811279297, 0.11786632984876633, 0.017383215948939323, 0.003918755333870649, 0.0010266780154779553, 0.0002850686141755432, 8.302438072860241e-05, 2.553906597313471e-05, 8.33821832202375e-06, 2.88347655441612e-06, 1.0474133205207181e-06, 3.953323073346837e-07, 1.532487345912159e-07, 6.047217482318956e-08]
-------------------------------------------------


Here we test the algorithm with feature {'gender', 'age'}
-------------------------------------------------
MAE has mean 0.12527925968170167 and std 0.00012243661755722036
RMSE has mean 0.3865463674068451 and std 0.00025162529513906234
The errors after 5 steps are:
[372.23931884765625, 32.18121337890625, 1.403611183166504, 0.10459446161985397, 0.015152711421251297, 0.003375466214492917, 0.0008457782678306103, 0.00021504037431441247, 5.449764648801647e-05, 1.376189902657643e-05, 3.4685015180002665e-06, 8.734531320442329e-07, 2.2005825428550452e-07, 5.538694836104696e-08]
[373.14056396484375, 32.24164962768555, 1.404062032699585, 0.10370641946792603, 0.014833446592092514, 0.0032889870926737785, 0.0008238859008997679, 0.000209577294299379, 5.313560177455656e-05, 1.3420019968179986e-05, 3.382294380571693e-06, 8.51556933412212e-07, 2.144994368791231e-07, 5.4000945937104916e-08]
[367.2377014160156, 32.234310150146484, 1.4047716856002808, 0.10414967685937881, 0.014980127103626728, 0.003332972526550293, 0.0008368089329451323, 0.00021330741583369672, 5.419403896667063e-05, 1.3717262845602818e-05, 3.4649742701731157e-06, 8.74608815593092e-07, 2.2064607207994413e-07, 5.574005612629662e-08]
[371.2783203125, 32.3902587890625, 1.4109476804733276, 0.10460776090621948, 0.015069247223436832, 0.0033492983784526587, 0.000838261388707906, 0.0002128558699041605, 5.3862648201175034e-05, 1.3577934623754118e-05, 3.4154609238612466e-06, 8.584290185353893e-07, 2.1585086074082938e-07, 5.423417448469081e-08]
[371.437744140625, 32.16053009033203, 1.4034606218338013, 0.10398375988006592, 0.014901014044880867, 0.003296162700280547, 0.0008226940990425646, 0.00020851498993579298, 5.2679646614706144e-05, 1.3259875231597107e-05, 3.330743311380502e-06, 8.358788932127936e-07, 2.098465614608358e-07, 5.2660777072333076e-08]
-------------------------------------------------


